lstm-units hidden-units activation-function point-wise accuracy accuracy precision recall f1
128 0 relu 0.9641925951677386 0.7084130019120459 0.8387680011013884 0.8511627906976744 0.842500260615271
128 0 tanh 0.9652355292890665 0.7093690248565966 0.8508896682496047 0.8395348837209302 0.8437866353019525
128 250 relu 0.9677559534156093 0.731357552581262 0.870169121359359 0.8387596899224806 0.8530152079056048
128 250 tanh 0.9557622110203372 0.6692160611854685 0.821240602502202 0.8147286821705426 0.7993865470383895
128 500 relu 0.9674083087084999 0.7437858508604207 0.866616138580283 0.8418604651162791 0.8531412201460757
128 500 tanh 0.9697549104814879 0.751434034416826 0.8782875406243987 0.8488372093023255 0.8621156567790066
128 1000 relu 0.9632365722231879 0.7084130019120459 0.8410100415049017 0.8310077519379845 0.8339341044200342
128 1000 tanh 0.9666261081175039 0.7170172084130019 0.876752812728205 0.8193798449612403 0.8447882954341832
256 0 relu 0.9657569963497306 0.722753346080306 0.8492936790975592 0.8643410852713178 0.8527027094389191
256 0 tanh 0.9667130192942812 0.7265774378585086 0.8676567435618527 0.837984496124031 0.8484714875241752
256 250 relu 0.9696679993047106 0.7476099426386233 0.8755412778811082 0.8534883720930233 0.8626721391524051
256 250 tanh 0.9741873804971319 0.7810707456978967 0.8993068269983835 0.8689922480620155 0.8828901754675698
256 500 relu 0.9702763775421519 0.7523900573613767 0.8715919734046715 0.8635658914728682 0.8666493060906875
256 500 tanh 0.9725360681383626 0.7676864244741873 0.8954455149338808 0.8573643410852713 0.8745700000538321
256 1000 relu 0.9682774204762733 0.7447418738049714 0.8616380361156862 0.8573643410852713 0.8572967178872449
256 1000 tanh 0.9708847557795932 0.754302103250478 0.889827542952942 0.8449612403100775 0.8661820704059365
512 0 relu 0.9729706240222492 0.7734225621414914 0.8902500844027154 0.8682170542635659 0.877870753548079
512 0 tanh 0.970537111072484 0.7523900573613767 0.8834535361595052 0.8542635658914729 0.8653472451178396
512 250 relu 0.9641925951677386 0.7170172084130019 0.8507653949378017 0.8527131782945736 0.8419855111113955
512 250 tanh 0.8878845819572397 0.0 0.0 0.0 0.0
512 500 relu 0.9594124804449852 0.6912045889101338 0.8373450194848767 0.8108527131782945 0.8121874753099574
512 500 tanh 0.9682774204762733 0.737093690248566 0.8751006417312969 0.8449612403100775 0.8552991634664744
512 1000 relu 0.9673213975317225 0.7409177820267686 0.8579688409187018 0.8496124031007752 0.8503584961768643
512 1000 tanh 0.9710585781331479 0.751434034416826 0.8958418488205782 0.8403100775193798 0.8652818366566761
