lstm-units hidden-units activation-function point-wise accuracy accuracy precision recall f1
128 0 relu 0.9745554874310239 0.6337625178826896 0.8535949948144007 0.7215665236051502 0.7774443046118702
128 250 relu 0.971013011785544 0.5972818311874106 0.809946507999566 0.7199570815450643 0.7562906869089385
128 500 relu 0.9709789495197221 0.5987124463519313 0.7782254500494592 0.7644849785407726 0.7663436640401176
128 1000 relu 0.9726139382791743 0.6301859799713877 0.8153340213320417 0.7569742489270386 0.7778826283919562
256 0 relu 0.9761223516588323 0.6516452074391988 0.8554094444080916 0.7532188841201717 0.7964554198015424
256 250 relu 0.9754411063423939 0.6545064377682404 0.8260667688764249 0.7778969957081545 0.797107544955983
256 500 relu 0.9733633081272566 0.6165951359084406 0.8481341340475217 0.7253218884120172 0.7632531771804423
256 1000 relu 0.9761564139246542 0.6630901287553648 0.8272462235938668 0.7886266094420601 0.8052578920802789
512 0 relu 0.9753389195449281 0.6444921316165951 0.8501452782887696 0.7451716738197425 0.7877470842881564
512 250 relu 0.9755432931398597 0.6609442060085837 0.8321352455308794 0.7934549356223176 0.8037284473825161
512 500 relu 0.9741808025069828 0.6430615164520744 0.8061159462402776 0.7832618025751072 0.7907886192713859
512 1000 relu 0.97625860072212 0.6623748211731044 0.8294235082886081 0.7896995708154506 0.8066103122504481
