seed lstm-units hidden-units activation-function point-wise accuracy accuracy precision recall f1
0 512 1000 relu0.9774848422917093 0.6673819742489271 0.8415851040998392 0.7922912205567452 0.8141424492108462
1 512 1000 relu0.9752367327474624 0.6444921316165951 0.824869398672816 0.7802950474183351 0.7991698944748078
2 512 1000 relu0.9750323591525308 0.6430615164520744 0.8173003762568348 0.7889957264957265 0.8004736492341614
3 512 1000 relu0.9766332856461611 0.6745350500715308 0.8348951794859172 0.7932131495227995 0.8101529725637847
4 512 1000 relu0.9760882893930104 0.6652360515021459 0.815974740483551 0.8046833422032996 0.808511679105287
5 512 1000 relu0.9732270590639689 0.6244635193133047 0.8128077502849945 0.7872687704026116 0.7932855909488206
6 512 1000 relu0.9704339532665713 0.5908440629470673 0.8240604853077074 0.7411888479747502 0.7678433147266013
7 512 1000 relu0.9787792083929423 0.6974248927038627 0.8534161943499246 0.8043243243243243 0.8253407371224364
8 512 1000 relu0.9773145309625997 0.6759656652360515 0.8396790984757777 0.7932718393922952 0.8139901886864676
9 512 1000 relu0.9770420328360242 0.6702432045779685 0.8346088201882391 0.7987220447284346 0.8149062289673579
