lstm-units hidden-units activation-function point-wise accuracy accuracy precision recall f1
256 0 relu 0.9776964372864813 0.5600292825768668 0.77919207519992 0.6817679558011049 0.7222709892527511
256 1000 relu 0.9755978526110298 0.5329428989751098 0.7505222075140873 0.6646408839779006 0.6979135038838065
256 1500 relu 0.9755978526110298 0.5336749633967789 0.7414077683519463 0.6856353591160221 0.7089913113655745
256 2000 relu 0.9749145924841386 0.5234260614934114 0.7379614153429278 0.6734806629834255 0.6997540383454154
512 0 relu 0.9768423621278672 0.5314787701317716 0.8080444684610255 0.6287292817679558 0.6931343156808539
512 1000 relu 0.9770863836017569 0.554904831625183 0.7676205419032874 0.6828729281767956 0.7185032713328596
512 1500 relu 0.974597364568082 0.5234260614934114 0.7361948169137034 0.6574585635359116 0.6895870453906607
512 2000 relu 0.9746949731576379 0.5153733528550513 0.7288336438758247 0.6679558011049723 0.6894742780205175
1024 0 relu 0.9757198633479747 0.5183016105417276 0.7781740536155471 0.6138121546961326 0.6765058563389723
1024 1000 relu 0.9775012201073694 0.5475841874084919 0.7825981379186197 0.6546961325966851 0.7033850077720949
1024 1500 relu 0.9558321132259638 0.02342606149341142 0.0 0.0 0.0
1024 2000 relu 0.9558321132259638 0.02342606149341142 0.0 0.0 0.0
