lstm-units hidden-units activation-function point-wise accuracy accuracy precision recall f1
128 0 relu 0.9634799235181645 0.8346080305927343 0.8967628834983234 0.8534704370179949 0.873262002662422
128 0 tanh 0.9625239005736138 0.8231357552581262 0.8989548979393032 0.8457583547557841 0.8700003376456646
128 250 relu 0.9632887189292543 0.8317399617590823 0.8805861924560732 0.877892030848329 0.8767587647188335
128 250 tanh 0.9640535372848948 0.8346080305927343 0.8995502747574395 0.8547557840616966 0.8754956765719503
128 500 relu 0.9630975143403442 0.8317399617590823 0.8994562260218086 0.8521850899742931 0.8730981991373298
128 500 tanh 0.9648183556405354 0.8355640535372849 0.9027115233704652 0.8560411311053985 0.8784286719568519
128 1000 relu 0.9648183556405354 0.8403441682600382 0.9043512494152032 0.8586118251928021 0.8794696640261751
128 1000 tanh 0.9577437858508604 0.8097514340344169 0.8668344747077332 0.8547557840616966 0.8577437185321682
256 0 relu 0.9676864244741874 0.8499043977055449 0.9024026631437333 0.877892030848329 0.8893817110612013
256 0 tanh 0.9673040152963671 0.8499043977055449 0.8940371123319294 0.8881748071979434 0.8895262270990458
256 250 relu 0.9640535372848948 0.8346080305927343 0.9045990537904733 0.8470437017994858 0.8740663159145677
256 250 tanh 0.9646271510516252 0.8384321223709369 0.8986627696869786 0.8586118251928021 0.8776369610030309
256 500 relu 0.9663479923518165 0.8460803059273423 0.9030601414438175 0.8676092544987146 0.8840854302602105
256 500 tanh 0.9558317399617591 0.8011472275334608 0.8943421173661161 0.800771208226221 0.8411953214543363
256 1000 relu 0.9642447418738049 0.8413001912045889 0.8925833686415856 0.8637532133676092 0.8766878715181897
256 1000 tanh 0.9592734225621415 0.8135755258126195 0.8889686940119202 0.8329048843187661 0.858764741756778
512 0 relu 0.969980879541109 0.8565965583173997 0.9192867285016126 0.8740359897172236 0.894692512609085
512 0 tanh 0.9567877629063097 0.8049713193116634 0.8808084404108529 0.8483290488431876 0.8555201310799638
512 250 relu 0.9682600382409178 0.8527724665391969 0.9094720838740369 0.8727506426735219 0.8903175083563521
512 250 tanh 0.9655831739961759 0.8413001912045889 0.9068260639280291 0.8560411311053985 0.879999780302513
512 500 relu 0.9630975143403442 0.8336520076481836 0.8830989674725924 0.8868894601542416 0.879926837497605
512 500 tanh 0.9608030592734226 0.8240917782026769 0.8924855533238074 0.8406169665809768 0.8629901970391294
512 1000 relu 0.941491395793499 0.7409177820267686 0.7612318321104522 0.9151670951156813 0.8268645159258315
512 1000 tanh 0.9518164435946462 0.7829827915869981 0.8600582848414808 0.8046272493573264 0.8307624164615317
